4241020103000001                424102010300000120                42410201030000012                03000001
4241020103000002                424102010300000210                42410201030000021                03000002
4241020103000003                424102010300000300                42410201030000030                03000003
4241020103000004                424102010300000470                42410201030000047                03000004
4241020103000005                424102010300000560                42410201030000056                03000005
4241020103000006                424102010300000650                42410201030000065                03000006
4241020103000007                424102010300000740                42410201030000074                03000007
4241020103000008                424102010300000810                42410201030000081                03000008
4241020103000009                424102010300000900                42410201030000090                03000009
4241020103000010                424102010300001020                42410201030000102                03000010
4241020103000011                424102010300001130                42410201030000113                03000011
