4241020103000008                424102010300000810                42410201030000081                03000008
4241020103000009                424102010300000900                42410201030000090                03000009
4241020103000010                424102010300001020                42410201030000102                03000010
4241020103000011                424102010300001130                42410201030000113                03000011
4241020103000012                424102010300001200                42410201030000120                03000012
4241020103000013                424102010300001310                42410201030000131                03000013
4241020103000014                424102010300001460                42410201030000146                03000014
4241020103000015                424102010300001570                42410201030000157                03000015
4241020103000016                424102010300001640                42410201030000164                03000016
4241020103000017                424102010300001750                42410201030000175                03000017
4241020103000018                424102010300001800                42410201030000180                03000018
4241020103000008                424102010300000810                42410201030000081                03000008
4241020103000009                424102010300000900                42410201030000090                03000009
4241020103000010                424102010300001020                42410201030000102                03000010
4241020103000011                424102010300001130                42410201030000113                03000011
4241020103000012                424102010300001200                42410201030000120                03000012
4241020103000013                424102010300001310                42410201030000131                03000013
4241020103000014                424102010300001460                42410201030000146                03000014
4241020103000015                424102010300001570                42410201030000157                03000015
4241020103000016                424102010300001640                42410201030000164                03000016
4241020103000017                424102010300001750                42410201030000175                03000017
4241020103000018                424102010300001800                42410201030000180                03000018
